41.535635, 2.435313
41.538126, 2.436275
41.537517, 2.440047
41.535303, 2.441156
41.535967, 2.445076
41.538236, 2.448357
41.539127, 2.444022
41.542051, 2.441355
41.542015, 2.443260
41.542336, 2.441593
41.541337, 2.439021
41.540517, 2.438592
41.539590, 2.437401
41.539163, 2.440021
41.542122, 2.442641
41.534420, 2.436258
41.532281, 2.438592
41.537522, 2.435734
41.540553, 2.448548
41.541231, 2.445690
41.541516, 2.443308
41.540624, 2.451549
41.541872, 2.451691
41.542443, 2.448309
41.536310, 2.445880
41.538271, 2.447738
41.543405, 2.448595
41.544332, 2.451882
41.536132, 2.437830
41.536453, 2.440021
41.538949, 2.434686
41.538592, 2.444927
41.538164, 2.447595
41.541444, 2.449453
41.539091, 2.450405
41.541231, 2.454073
41.540232, 2.451787
41.537986, 2.436401
41.536277, 2.423373
41.536936, 2.426065
41.538486, 2.422648
41.538292, 2.425495
41.537905, 2.427048
41.538835, 2.422182
41.536549, 2.427980
41.538602, 2.430102
41.539842, 2.424098
41.541082, 2.428187
41.542089, 2.422959
41.543523, 2.427203
41.541741, 2.428135
41.542516, 2.421665
41.537169, 2.426996
41.539881, 2.433778
41.540927, 2.430413
41.541237, 2.433467
41.541625, 2.428083
41.544685, 2.430206
41.545731, 2.428912
41.548443, 2.429274
41.548017, 2.433312
41.546119, 2.433829
41.547514, 2.435434
41.548095, 2.429844
41.545964, 2.428653
41.548056, 2.436470
41.544492, 2.433881
41.543097, 2.434347
41.544492, 2.436573
41.544995, 2.437919
41.544608, 2.435952
41.545576, 2.436211
41.546777, 2.441387
41.547010, 2.442888
41.549063, 2.442060
41.548172, 2.443510
41.551271, 2.442940
41.552511, 2.446512
41.550225, 2.450032
41.547436, 2.452465
41.545925, 2.451533
41.548056, 2.453345
41.541508, 2.451999
41.540850, 2.454225
41.534960, 2.446564
41.534108, 2.426531
41.545344, 2.424615
41.539881, 2.442940
41.550032, 2.443044
41.542554, 2.424563
41.536161, 2.444959
41.552860, 2.438540
41.536432, 2.444234
41.537362, 2.440455
41.541121, 2.445373
41.537634, 2.436107
41.546855, 2.434399
41.553254, 2.446611
41.538802, 2.424738
41.548493, 2.436226